!ConstantMap
  map:
    rho: 2670.0
    mu: 3.203812032e10
    lambda: 3.204375936e10
